"nodeShifted" "numTaxa" "from" "to" "numNontaxa" "Lam_mean" "Lam_low95" "Lam_up95" "Lam_nonmean" "Lam_nonlow95" "Lam_nonup95" "Mu_mean" "Mu_low95" "Mu_up95" "Mu_nonmean" "Mu_nonlow95" "Mu_nonup95"
"1" 5952 5419 "Solenodon_marcanoi_SOLENODONTIDAE_EULIPOTYPHLA" "Idiurus_macrotis_ANOMALURIDAE_RODENTIA" 492 0.233945063094281 0.222507642113085 0.245738900764377 0.126157417204324 0.107701594898897 0.150581548713094 0.0927731584660248 0.0749314509197477 0.109011460021882 0.0405836000425324 0.0147033400438053 0.0761681258242311
"2" 9712 1659 "Paradipus_ctenodactylus_DIPODIDAE_RODENTIA" "Idiurus_macrotis_ANOMALURIDAE_RODENTIA" 4252 0.191179755772454 0.179879862425025 0.204963389784905 0.229347632583926 0.215707766153871 0.243526888656933 0.0213450573188338 0.00917690959000168 0.0389944937427634 0.109005085227696 0.0891225337118488 0.128713438415902
"3" 9714 51 "Paradipus_ctenodactylus_DIPODIDAE_RODENTIA" "Sicista_caucasica_DIPODIDAE_RODENTIA" 5860 0.116984356865097 0.0785094185300099 0.286081144452215 0.220406293611307 0.209836446403139 0.231549277444013 0.0348234706877764 0.000449015425 0.2070765 0.0862338716634926 0.070927970825378 0.101478407874802
"4" 7507 902 "Myzopoda_schliemanni_MYZOPODIDAE_CHIROPTERA" "Nycticeius_cubanus_VESPERTILIONIDAE_CHIROPTERA" 5009 0.166159654830247 0.149636128050804 0.189299518300641 0.230379770184832 0.217617947625744 0.242882847528852 0.0305050363449723 0.00782510668511327 0.0677637242912192 0.0972779523661378 0.0793270367484723 0.114550243521163
"5" 7816 593 "Platymops_setiger_MOLOSSIDAE_CHIROPTERA" "Nycticeius_cubanus_VESPERTILIONIDAE_CHIROPTERA" 5318 0.181890004084236 0.158633693800072 0.213929459193023 0.223440845223956 0.212406312750446 0.235175506132252 0.031155265890234 0.00243741153989715 0.0812139577923711 0.0918652597771967 0.0756058181646876 0.108395907210901
"6" 11468 355 "Glironia_venusta_DIDELPHIDAE_DIDELPHIMORPHIA" "Acrobates_pygmaeus_ACROBATIDAE_DIPROTODONTIA" 5556 0.205595546000301 0.178253494942418 0.241570863788418 0.219935164403591 0.209420712349075 0.231158409116277 0.0371196501972174 0.00433095454551478 0.097568646614095 0.0883727158941512 0.0722448211123829 0.103471130407037
"7" 9944 632 "Phloeomys_pallidus_MURIDAE_RODENTIA" "Cremnomys_cutchicus_MURIDAE_RODENTIA" 5279 0.232418194544566 0.212054650266432 0.257787478409833 0.21795717557497 0.206519558547737 0.229342648676195 0.0264431381350085 0.0058632484539993 0.0644274162593915 0.0910040775680623 0.0748766179111798 0.10727202847258
"8" 10575 726 "Prometheomys_schaposchnikowi_CRICETIDAE_RODENTIA" "Sigmodon_ochrognathus_CRICETIDAE_RODENTIA" 5185 0.206630670341784 0.191072692912186 0.22729920650641 0.220621089837579 0.209090114823443 0.232363625444107 0.0100349204799925 0.000440139313624943 0.031043841433342 0.094403345990283 0.077233539315128 0.110678273590713
"9" 8575 313 "Xenothrix_mcgregori_PITHECIIDAE_PRIMATES" "Allenopithecus_nigroviridis_CERCOPITHECIDAE_PRIMATES" 5598 0.498363715991311 0.408578644782386 0.597489573330508 0.211922078193841 0.201355848294015 0.222992651953248 0.262511902850664 0.120760094829162 0.40029550798131 0.0810279958150854 0.0660028574157068 0.0959703514824072
"10" 10142 206 "Chiropodomys_muroides_MURIDAE_RODENTIA" "Apomys_gracilirostris_MURIDAE_RODENTIA" 5705 0.278258129478175 0.213293142205841 0.351641382941385 0.21777546841755 0.207200383754512 0.228771091314312 0.0466327881347081 0.00396898347184992 0.145529165847038 0.0865323052188964 0.0710423661735751 0.101706072130931
"11" 6603 215 "Okapia_johnstoni_GIRAFFIDAE_CETARTIODACTYLA" "Addax_nasomaculatus_BOVIDAE_CETARTIODACTYLA" 5696 0.281959397160103 0.242578348206909 0.333233243238443 0.217644696171073 0.207272640205895 0.228619638141162 0.0460215127792415 0.00359316602779619 0.187594425 0.0865742888114843 0.0710737528106462 0.101839984622573
"12" 9821 80 "Taterillus_congicus_MURIDAE_RODENTIA" "Ammodillus_imbellis_MURIDAE_RODENTIA" 5831 0.321789271137864 0.225874080024789 0.454112939434523 0.218227013717039 0.207886409087563 0.22953671258254 0.124908645677316 0.00955103148507537 0.308092076674095 0.0852575873568195 0.0693057488905114 0.100191913201117
"13" 7572 127 "Hsunycteris_thomasi_PHYLLOSTOMIDAE_CHIROPTERA" "Trinycteris_nicefori_PHYLLOSTOMIDAE_CHIROPTERA" 5784 0.195149221160499 0.152989214444743 0.248861011713898 0.219584906921237 0.208953645133809 0.230784722959255 0.0276507466736194 0.00136376575 0.0812332983348481 0.0866323379363506 0.0710745190798784 0.102019731894367
"14" 6212 210 "Feroculus_feroculus_SORICIDAE_EULIPOTYPHLA" "Paracrocidura_graueri_SORICIDAE_EULIPOTYPHLA" 5701 0.294852940913519 0.248812640069384 0.346974150865901 0.217455316942216 0.207028230409705 0.22851866800601 0.0465642459767837 0.00310048386447284 0.188556425 0.0864979175582909 0.0710767079975194 0.101769054080464
"15" 9904 20 "Lophuromys_sikapusi_MURIDAE_RODENTIA" "Lophuromys_nudicaudus_MURIDAE_RODENTIA" 5891 0.36906907600782 0.179107191337573 0.569248796696703 0.218944917152824 0.208459433304136 0.22999913684152 0.0775884623641386 0.00355075858337719 0.273386177100368 0.0856280564615787 0.0701811715236071 0.100964699855401
"16" 11717 65 "Dendrolagus_notatus_MACROPODIDAE_DIPROTODONTIA" "Thylogale_billardierii_MACROPODIDAE_DIPROTODONTIA" 5846 0.476923191010245 0.351459050764683 0.621729385664176 0.218160670857226 0.207712400642423 0.229045709703027 0.0572441347243199 0.00194368635692748 0.190275530385601 0.085726761669658 0.0700526934905944 0.101008151903988
"17" 10040 99 "Bandicota_bengalensis_MURIDAE_RODENTIA" "Rattus_stoicus_MURIDAE_RODENTIA" 5812 0.39387979322949 0.301563591017749 0.486581933753096 0.217883798196084 0.207229422475145 0.228783826847078 0.0456953973222331 0.0019322305 0.14890494391298 0.0859088344562486 0.0705570177025057 0.101387258529542
"18" 7440 64 "Pteropus_ornatus_PTEROPODIDAE_CHIROPTERA" "Pteropus_tokudae_PTEROPODIDAE_CHIROPTERA" 5847 0.54782114951365 0.397200093222209 0.72584033941462 0.21805804913682 0.207454096339787 0.229136423112882 0.0871704713102225 0.00310655696918413 0.273625044345071 0.0856110953285821 0.0701556064854931 0.100602860923386
"19" 9517 65 "Ctenomys_osvaldoreigi_CTENOMYIDAE_RODENTIA" "Ctenomys_validus_CTENOMYIDAE_RODENTIA" 5846 0.681339659453639 0.519636163886237 0.871938101617626 0.217829816471124 0.20735424999947 0.228925530430433 0.132715933853465 0.0130538668450104 0.409924563173009 0.0854803625400579 0.0701828700647409 0.100720600791688
