"nodeShifted" "numTaxa" "from" "to" "numNontaxa" "Lam_mean" "Lam_low95" "Lam_up95" "Lam_nonmean" "Lam_nonlow95" "Lam_nonup95" "Mu_mean" "Mu_low95" "Mu_up95" "Mu_nonmean" "Mu_nonlow95" "Mu_nonup95"
"1" 5918 5544 "Dasypus_yepesi_DASYPODIDAE_CINGULATA" "Chrysochloris_asiatica_CHRYSOCHLORIDAE_AFROSORICIDA" 367 0.18785644096325 0.175785635377559 0.204721571603677 0.162577476898987 0.142162115717892 0.187808437341931 0.0543180974043181 0.0355539901603995 0.0812225056643968 0.0290181424017163 0.00704392051829094 0.0671362487183962
"2" 5952 5419 "Solenodon_marcanoi_SOLENODONTIDAE_EULIPOTYPHLA" "Ochotona_roylei_OCHOTONIDAE_LAGOMORPHA" 492 0.195560143463091 0.182777258528632 0.213314574184108 0.120996436649384 0.105549943587668 0.140703873580555 0.0564244251014455 0.0368889707981156 0.0840408435321125 0.0263207095039942 0.00803281878725536 0.0546657981394491
"3" 8890 624 "Glis_glis_GLIRIDAE_RODENTIA" "Abrocoma_uspallata_ABROCOMIDAE_RODENTIA" 5287 0.236591399425205 0.184694985622445 0.294972618199345 0.180646396999806 0.170965502432011 0.193072525404209 0.118985457361348 0.0396775103452228 0.21149175 0.0453593247378094 0.0305138414756979 0.0661355933111276
"4" 8432 135 "Nycticebus_pygmaeus_LORISIDAE_PRIMATES" "Allocebus_trichotis_CHEIROGALEIDAE_PRIMATES" 5776 0.291887905800145 0.21086073556776 0.406805629963205 0.184035235318935 0.172195244796226 0.199876443215874 0.204534261747249 0.0780437614903925 0.349116225 0.0495605649257761 0.0315271338845616 0.0753181048623389
"5" 11461 362 "Rhyncholestes_raphanurus_CAENOLESTIDAE_PAUCITUBERCULATA" "Acrobates_pygmaeus_ACROBATIDAE_DIPROTODONTIA" 5549 0.183790047823306 0.161250115576989 0.212514408817071 0.186318593313158 0.174512034614934 0.202975341082474 0.0267502217038261 0.00421693250718342 0.0691591560793985 0.0541922253147348 0.0356575629639515 0.080732915206878
"6" 7363 593 "Molossus_barnesi_MOLOSSIDAE_CHIROPTERA" "Miniopterus_inflatus_VESPERTILIONIDAE_CHIROPTERA" 5318 0.147619901765119 0.130517288470526 0.169697292925364 0.191103676599984 0.178492532337864 0.207907966418879 0.0168824744755444 0.00175978156727507 0.0535655418277228 0.0572057163334412 0.0373505824868505 0.0846591617507124
"7" 6447 298 "Arctogalidia_trivirgata_VIVERRIDAE_CARNIVORA" "Mydaus_marchei_MEPHITIDAE_CARNIVORA" 5613 0.255062101477528 0.20936586557615 0.306245528035565 0.183512844902955 0.171853891029438 0.19853258463202 0.0903754359133769 0.00930549666178084 0.191908625 0.0511768525537028 0.0336261706268896 0.0738907740566687
"8" 11280 91 "Nesolagus_netscheri_LEPORIDAE_LAGOMORPHA" "Ochotona_roylei_OCHOTONIDAE_LAGOMORPHA" 5820 0.317583929976831 0.224883792719129 0.487285934652641 0.184755472473 0.173082166448294 0.200635125352965 0.200463500873079 0.0397077768271185 0.408317945917657 0.0510383469811259 0.0333497760719531 0.0762169983901042
"9" 9610 726 "Prometheomys_schaposchnikowi_CRICETIDAE_RODENTIA" "Sigmodon_planifrons_CRICETIDAE_RODENTIA" 5185 0.183325295874003 0.168767818829374 0.199346748967557 0.186518542575215 0.173989973140939 0.204065329430765 0.00965377475106465 0.00111980995227299 0.0284803120059202 0.057814540364846 0.0382607853300231 0.0858864363700555
"10" 11166 107 "Heteromys_nelsoni_HETEROMYIDAE_RODENTIA" "Dipodomys_deserti_HETEROMYIDAE_RODENTIA" 5804 0.232062129954435 0.174246159817386 0.297059122876487 0.185502983438343 0.17422823007093 0.200396086425609 0.0809360595004242 0.00261387612615734 0.21175225 0.0522208521010421 0.034642194706298 0.0760119791538138
"11" 9765 20 "Cansumys_canus_CRICETIDAE_RODENTIA" "Cricetulus_kamensis_CRICETIDAE_RODENTIA" 5891 0.148963153267369 0.0709938168492012 0.196196395649771 0.186395997047629 0.175020825799552 0.201727164887193 0.0127514289480944 0.000390132 0.0525438293387878 0.0528721154818132 0.0351010370843545 0.0778571986236258
"12" 10502 612 "Srilankamys_ohiensis_MURIDAE_RODENTIA" "Leggadina_forresti_MURIDAE_RODENTIA" 5299 0.201514921504002 0.181452834420769 0.227436180012228 0.184725545135349 0.172351463867243 0.201495145706542 0.0274543560114297 0.00526706042384757 0.067356183810762 0.0550150019095209 0.0357702378293052 0.0826421858488217
"13" 6300 122 "Sorex_rohweri_SORICIDAE_EULIPOTYPHLA" "Blarinella_griselda_SORICIDAE_EULIPOTYPHLA" 5789 0.282420169208206 0.215613581452382 0.370652298583948 0.184880995498338 0.1734838691344 0.200285691047683 0.0999275360657209 0.00643913610699743 0.213287837113173 0.0519994966270627 0.0345123992298987 0.0762845521306641
"14" 8576 313 "Callicebus_oenanthe_PITHECIIDAE_PRIMATES" "Allenopithecus_nigroviridis_CERCOPITHECIDAE_PRIMATES" 5598 0.458893791285123 0.378396374583318 0.544718953265785 0.179123443714822 0.167593384415757 0.195060165967774 0.23898141080971 0.113664529806113 0.365736940699726 0.0478170465064823 0.0298159927200529 0.0730456677157957
"15" 8577 161 "Callicebus_oenanthe_PITHECIIDAE_PRIMATES" "Alouatta_palliata_ATELIDAE_PRIMATES" 5750 0.479814922903393 0.382440674665839 0.624767080944731 0.182629257394859 0.171108991711594 0.198337459584564 0.262846665163932 0.117208255125996 0.459028988455652 0.0500969705227178 0.0318026894977976 0.0750567815668133
"16" 6808 91 "Indopacetus_pacificus_ZIPHIIDAE_CETARTIODACTYLA" "Balaenoptera_acutorostrata_BALAENOPTERIDAE_CETARTIODACTYLA" 5820 0.246635103715214 0.187125415111344 0.308230329268404 0.185509300197237 0.174149867092042 0.200622044453792 0.0681304216354378 0.00352950093097865 0.192264125 0.0524647594852856 0.0347458046493201 0.0763539039814357
"17" 11469 106 "Caluromysiops_irrupta_DIDELPHIDAE_DIDELPHIMORPHIA" "Hyladelphys_kalinowskii_DIDELPHIDAE_DIDELPHIMORPHIA" 5805 0.175858976498382 0.14849854086126 0.222772452048599 0.186331295361675 0.174767452871611 0.201915503312235 0.0256237394358436 0.000960290975 0.08356392 0.0530442653233894 0.0351558941737543 0.0784119532597865
"18" 11441 21 "Eremitalpa_granti_CHRYSOCHLORIDAE_AFROSORICIDA" "Chrysochloris_asiatica_CHRYSOCHLORIDAE_AFROSORICIDA" 5890 0.13487779547824 0.0650622644593148 0.25883863704947 0.186401901035232 0.174910242736558 0.201623282153113 0.0535992051249318 0.00261592688821412 0.185695179877406 0.0526311457178714 0.0350487938994473 0.0774884253931133
"19" 7177 92 "Sturnira_nana_PHYLLOSTOMIDAE_CHIROPTERA" "Vampyressa_elisabethae_PHYLLOSTOMIDAE_CHIROPTERA" 5819 0.237635768959812 0.146716921145075 0.310189542856476 0.185645850778911 0.174091088716302 0.201057060572867 0.0314223370811068 0.000992223843264989 0.1090908 0.0528535917830589 0.0350460201676861 0.078140690680742
"20" 6012 211 "Suncus_ater_SORICIDAE_EULIPOTYPHLA" "Crocidura_nimbasilvanus_SORICIDAE_EULIPOTYPHLA" 5700 0.302266613285512 0.257220837219138 0.361738330815331 0.183852768588201 0.172261529398834 0.199764503396735 0.0383116635167149 0.00139309104968756 0.12487685 0.052921948547873 0.0351533725725564 0.0783266644081098
"21" 8037 87 "Rhinolophus_blasii_RHINOLOPHIDAE_CHIROPTERA" "Rhinolophus_hillorum_RHINOLOPHIDAE_CHIROPTERA" 5824 0.292622652405276 0.208876055949852 0.39817167443827 0.185216153350357 0.173693068196117 0.200678677826614 0.0741662726881435 0.00285835736220555 0.220026036542507 0.0524414331462463 0.0347378234800824 0.0775620947319897
"22" 6911 212 "Muntiacus_muntjak_CERVIDAE_CETARTIODACTYLA" "Addax_nasomaculatus_BOVIDAE_CETARTIODACTYLA" 5699 0.28489411855663 0.243141840495104 0.333270934249079 0.184116580040456 0.172406532543011 0.200059304113046 0.0349267871509567 0.00110612947880529 0.1501251 0.0530046801646577 0.0350985973568786 0.0783330162701511
"23" 8302 69 "Pteropus_aruensis_PTEROPODIDAE_CHIROPTERA" "Acerodon_leucotis_PTEROPODIDAE_CHIROPTERA" 5842 0.459641444462929 0.336617720209962 0.606949812001324 0.18502150689988 0.173517032776339 0.200262293197897 0.0972117679295872 0.00390113527966509 0.310513451080266 0.0524473572523918 0.0345775370803103 0.0775734186737173
"24" 11714 78 "Lagostrophus_fasciatus_MACROPODIDAE_DIPROTODONTIA" "Potorous_gilbertii_POTOROIDAE_DIPROTODONTIA" 5833 0.346913107605701 0.272077605870968 0.434071499287135 0.185191050566335 0.173787451936422 0.200615129869249 0.0392392339416199 0.00252689094886216 0.140811029525463 0.0527174222531015 0.0349183944304053 0.0777083235686756
"25" 10382 48 "Gerbillus_jamesi_MURIDAE_RODENTIA" "Gerbillus_amoenus_MURIDAE_RODENTIA" 5863 0.273020204453171 0.156990528704002 0.425407935324761 0.185816988614578 0.174305181496242 0.201190421632176 0.0580929374345802 0.0013119725 0.213505975 0.0526128987339286 0.0348921055137572 0.0776465522207002
"26" 7330 2 "Lonchorhina_fernandezi_PHYLLOSTOMIDAE_CHIROPTERA" "Lonchorhina_orinocensis_PHYLLOSTOMIDAE_CHIROPTERA" 5909 0.104253952898004 0.0743709353468167 0.167861053237638 0.18622018219074 0.174671358653384 0.201531644412027 0.0156990724955097 0.0003571057 0.053784855 0.0526557119668905 0.0349280334333437 0.0775880351626913
"27" 9849 59 "Megadontomys_thomasi_CRICETIDAE_RODENTIA" "Podomys_floridanus_CRICETIDAE_RODENTIA" 5852 0.181394520881974 0.149380257073257 0.224594304032351 0.186206809321933 0.174682865932845 0.201645568429982 0.00928874716276713 0.0002379195 0.0425292525 0.0529225044501248 0.0351252226509994 0.0780044272035182
"28" 9430 62 "Ctenomys_torquatus_CTENOMYIDAE_RODENTIA" "Ctenomys_tuconax_CTENOMYIDAE_RODENTIA" 5849 0.501983301025627 0.287950214009463 0.663288106579534 0.185182219132724 0.173745900144147 0.200759564723282 0.0735845132213992 0.00271844525325592 0.250072882455475 0.052569540400253 0.0348372192179526 0.0775147827303789
