"nodeShifted" "numTaxa" "from" "to" "numNontaxa" "Lam_mean" "Lam_low95" "Lam_up95" "Lam_nonmean" "Lam_nonlow95" "Lam_nonup95" "Mu_mean" "Mu_low95" "Mu_up95" "Mu_nonmean" "Mu_nonlow95" "Mu_nonup95"
"1" 5919 5419 "Nesophontes_micrus_NESOPHONTIDAE_EULIPOTYPHLA" "Cynocephalus_volans_CYNOCEPHALIDAE_DERMOPTERA" 492 0.219506045072644 0.20297684970646 0.231983790293515 0.137699770501111 0.118103275206972 0.163649265378585 0.0810807033161433 0.0556676414100071 0.098623057227385 0.0534428323374797 0.0236108567418683 0.0899765029445244
"2" 11316 22 "Ptilocercus_lowii_PTILOCERCIDAE_SCANDENTIA" "Cynocephalus_volans_CYNOCEPHALIDAE_DERMOPTERA" 5889 0.162170508691848 0.0590435177292398 0.299276649715023 0.2094428193505 0.194901748551353 0.220806041242207 0.117862018469761 0.0104604520296032 0.254934675 0.0770995432590924 0.0540693968707446 0.0930691146963131
"3" 11461 362 "Rhyncholestes_raphanurus_CAENOLESTIDAE_PAUCITUBERCULATA" "Acrobates_pygmaeus_ACROBATIDAE_DIPROTODONTIA" 5549 0.189473258210992 0.165718401423253 0.225796528814586 0.210188365888896 0.194174378486204 0.22184763746375 0.0363167040446132 0.00745112905309811 0.097424755876241 0.0801179056094806 0.0555407813980182 0.0967318125558919
"4" 7089 1287 "Rhinopoma_muscatellum_RHINOPOMATIDAE_CHIROPTERA" "Saccolaimus_peli_EMBALLONURIDAE_CHIROPTERA" 4624 0.167438000644603 0.154614656613532 0.184129280661818 0.221761173130376 0.202834610903386 0.235126710990086 0.029564272198217 0.0121640310177819 0.0565520291510086 0.0923034556353755 0.0617431274434334 0.110754658240691
"5" 10850 9 "Pedetes_surdaster_PEDETIDAE_RODENTIA" "Anomalurus_beecrofti_ANOMALURIDAE_RODENTIA" 5902 0.134853054882132 0.04352700791534 0.2863213010771 0.209355411585105 0.194397999575537 0.2209677933826 0.0822269937380585 0.002191613 0.224954025 0.0774920060505623 0.0541593707854811 0.0936783323217474
"6" 9252 1599 "Typhlomys_cinereus_PLATACANTHOMYIDAE_RODENTIA" "Calomyscus_urartensis_CALOMYSCIDAE_RODENTIA" 4312 0.179953827903741 0.169364718611045 0.19217238955978 0.219250440895242 0.199133652755431 0.234194720899749 0.0183262001437725 0.00708240390632955 0.0346178681687778 0.0985206500823306 0.0664968507848857 0.120752765235648
"7" 7702 605 "Nyctiellus_lepidus_NATALIDAE_CHIROPTERA" "Cistugo_lesueuri_VESPERTILIONIDAE_CHIROPTERA" 5306 0.175758834324048 0.158052582101882 0.201235077326701 0.212721999042892 0.196299239461799 0.224495305814723 0.0208262280581079 0.00114344251945733 0.0614906557373498 0.0839438570940426 0.0585983942656553 0.100667265100438
"8" 11004 313 "Cacajao_calvus_PITHECIIDAE_PRIMATES" "Allenopithecus_nigroviridis_CERCOPITHECIDAE_PRIMATES" 5598 0.404795711915121 0.333742452687913 0.485676131584542 0.203174956975942 0.18795745666823 0.214638484347962 0.187847512872112 0.0775526504527301 0.307260880381346 0.074258965654073 0.0505518468391953 0.0901102137580257
"9" 10118 726 "Prometheomys_schaposchnikowi_CRICETIDAE_RODENTIA" "Chibchanomys_orcesi_CRICETIDAE_RODENTIA" 5185 0.195914195676568 0.180212910820861 0.212430112686168 0.210500483665022 0.193116310772483 0.223421748141059 0.00802987616790925 0.000589057901248234 0.0231244286825823 0.0857319054356049 0.059581338475479 0.103880286709784
"10" 9489 630 "Berylmys_bowersi_MURIDAE_RODENTIA" "Phloeomys_cumingi_MURIDAE_RODENTIA" 5281 0.195075378281378 0.176427609969172 0.217159765120103 0.210393479556448 0.193933121186625 0.222947489675923 0.0205630177242668 0.00361520307278471 0.0475738336798403 0.0834044721545676 0.0577711254607505 0.10074547754758
"11" 7281 194 "Ptenochirus_jagori_PTEROPODIDAE_CHIROPTERA" "Styloctenium_mindorensis_PTEROPODIDAE_CHIROPTERA" 5717 0.215421048440065 0.178204164149988 0.279472939161931 0.208773301108995 0.193380214839384 0.219991690131874 0.0474262284340837 0.00777487769090876 0.148580714080633 0.0783791765080199 0.0544509186670189 0.0946019637591667
"12" 7102 180 "Rhinolophus_inops_RHINOLOPHIDAE_CHIROPTERA" "Hipposideros_cyclops_HIPPOSIDERIDAE_CHIROPTERA" 5731 0.247756283251388 0.196807939971736 0.31488676692293 0.207998403706591 0.192595403573272 0.219417726572528 0.0791266071593909 0.00720396777436591 0.186190869305062 0.0774774145214878 0.0540891821073628 0.0940134993320792
"13" 6547 215 "Okapia_johnstoni_GIRAFFIDAE_CETARTIODACTYLA" "Boselaphus_tragocamelus_BOVIDAE_CETARTIODACTYLA" 5696 0.277223671424959 0.235690287534618 0.327623551848801 0.207305720995933 0.191974012302595 0.218805064502799 0.0441986074851832 0.00445295408918824 0.18321645 0.0783238792247622 0.05492846145455 0.0942635483309695
"14" 7535 92 "Sturnira_bidens_PHYLLOSTOMIDAE_CHIROPTERA" "Uroderma_bakeri_PHYLLOSTOMIDAE_CHIROPTERA" 5819 0.239137238839854 0.15043724850779 0.307826014184581 0.208632413358521 0.193122956623668 0.220309668028958 0.0306503436778108 0.000787053579214626 0.0971118182540873 0.0780235154475959 0.0541379537878965 0.0945574777199924
"15" 6002 207 "Suncus_madagascariensis_SORICIDAE_EULIPOTYPHLA" "Suncus_dayi_SORICIDAE_EULIPOTYPHLA" 5704 0.324296230044808 0.273815782314772 0.389074439267788 0.206732835544694 0.191623570861559 0.218316361834147 0.0481488284516349 0.0033237944777831 0.167405025 0.0780839361310094 0.0544969464285452 0.0946104863054875
"16" 9669 196 "Chiruromys_forbesi_MURIDAE_RODENTIA" "Apomys_hylocetes_MURIDAE_RODENTIA" 5715 0.244934482295377 0.179209278846872 0.307684074397175 0.208082776688577 0.192545550001483 0.219862795563415 0.0414386572716295 0.00106102025808302 0.128836407392156 0.0783953747724337 0.0544118373321778 0.0948886204264666
"17" 4402 1 "Ochrotomys_nuttalli_CRICETIDAE_RODENTIA" "Ochrotomys_nuttalli_CRICETIDAE_RODENTIA" 5910 0.18521821838952 0.0913142089043436 0.216595361184603 0.208975446323949 0.193766373851352 0.220472139274532 0.011634841923734 9.90344625e-05 0.0968318399784998 0.0775644889178664 0.0542938584466051 0.0938883479818041
"18" 9495 104 "Berylmys_bowersi_MURIDAE_RODENTIA" "Srilankamys_ohiensis_MURIDAE_RODENTIA" 5807 0.291843496352963 0.206285720430076 0.365814210335664 0.208128583761672 0.192981991344723 0.219640184264462 0.0286541467059713 0.00106686549865694 0.101700796172604 0.0780064483521233 0.0545119724581017 0.0944219798399078
"19" 9372 48 "Gerbillus_nancillus_MURIDAE_RODENTIA" "Gerbillus_jamesi_MURIDAE_RODENTIA" 5863 0.403393315676162 0.247079926245127 0.571443178899933 0.208294872052773 0.193136520085751 0.219603944680879 0.0924768197860733 0.00366036062520327 0.28501364451811 0.0774661843156438 0.0541045791221921 0.0937004302927061
"20" 7410 64 "Pteropus_cognatus_PTEROPODIDAE_CHIROPTERA" "Pteropus_dasymallus_PTEROPODIDAE_CHIROPTERA" 5847 0.522536090724511 0.357625480559297 0.693062751457715 0.20784944269013 0.192675974536431 0.21919836688933 0.106861697812568 0.0045307567420792 0.329166675 0.0774134592820459 0.0536752885025926 0.0938293261427662
"21" 9006 63 "Ctenomys_steinbachi_CTENOMYIDAE_RODENTIA" "Ctenomys_tulduco_CTENOMYIDAE_RODENTIA" 5848 0.710993090007828 0.536843952772983 0.923499555592482 0.20776381182063 0.192660309130088 0.21938128421231 0.118469755390362 0.0063394535 0.421543548754643 0.0774197890067278 0.0538787337721517 0.0938556300756253
