"nodeShifted" "numTaxa" "from" "to" "numNontaxa" "Lam_mean" "Lam_low95" "Lam_up95" "Lam_nonmean" "Lam_nonlow95" "Lam_nonup95" "Mu_mean" "Mu_low95" "Mu_up95" "Mu_nonmean" "Mu_nonlow95" "Mu_nonup95" "mean_Div" "mean_nonDiv" "mean_rateChange"
"1" 2401 1505 "Lophiomys_imhausi_MURIDAE_RODENTIA" "Sigmodon_planifrons_CRICETIDAE_RODENTIA" 887 0.207122591976465 0.193337989238691 0.224496793996158 0.186061201073017 0.164620459207814 0.225869691952612 0.0238724725618319 0.00882793501592915 0.0469670470642144 0.0568120557178223 0.0252418255798743 0.120109872268111 0.183250119414633 0.129249145355195 1.4178
"2" 4054 107 "Microdipodops_pallidus_HETEROMYIDAE_RODENTIA" "Chaetodipus_hispidus_HETEROMYIDAE_RODENTIA" 2285 0.209144304031323 0.163375522859201 0.278066824427765 0.197602784179783 0.18461480909724 0.216582156224478 0.0481096726264455 0.00308315437132041 0.16801175 0.0375365939382094 0.0197192763442349 0.0660139756132716 0.161034631404877 0.160066190241574 1.0061
"3" 4484 264 "Cuniculus_taczanowskii_CUNICULIDAE_RODENTIA" "Abrocoma_famatina_ABROCOMIDAE_RODENTIA" 2128 0.261291901236372 0.217115715969765 0.331124689267418 0.192271567128754 0.17999241501287 0.210587332466914 0.0745030129283625 0.00986271826348483 0.174972234223536 0.0346232837652103 0.0185374504255669 0.0602391443956313 0.18678888830801 0.157648283363543 1.1848
"4" 4164 290 "Ratufa_macroura_SCIURIDAE_RODENTIA" "Petaurista_nobilis_SCIURIDAE_RODENTIA" 2102 0.227572928805042 0.191980364622068 0.292410922692205 0.194582706629253 0.18204555616117 0.211425289790521 0.0587899400448453 0.00712968678654623 0.17298485 0.0355092732347065 0.0191343209874989 0.0584072796052488 0.168782988760196 0.159073433394546 1.061
"5" 2644 197 "Chiropodomys_muroides_MURIDAE_RODENTIA" "Zyzomys_palatalis_MURIDAE_RODENTIA" 2195 0.324571606104918 0.247639151594074 0.430974304427317 0.190544744570573 0.178673276251554 0.210405820646408 0.126360728287171 0.0194977209135919 0.279563014149343 0.0327122703571347 0.0157466039059422 0.0621386754611444 0.198210877817747 0.157832474213439 1.2558
"6" 4171 90 "Tamias_sibiricus_SCIURIDAE_RODENTIA" "Ammospermophilus_nelsoni_SCIURIDAE_RODENTIA" 2302 0.309912004609881 0.206659538926522 0.429418182393236 0.195777484411324 0.182871501035339 0.216554248269423 0.0683586138793994 0.00397411919972693 0.194709154726372 0.0373590809224836 0.0202828459473623 0.0651151971623741 0.241553390730481 0.15841840348884 1.5248
"7" 2845 106 "Berylmys_bowersi_MURIDAE_RODENTIA" "Halmaheramys_bokimekot_MURIDAE_RODENTIA" 2286 0.381052427893057 0.303048678503211 0.4831132629572 0.19403516322026 0.181412694841414 0.213520369870712 0.0608911224371543 0.00180859835895634 0.19204121006345 0.0374805576858796 0.0203056086970242 0.066789151614706 0.320161305455903 0.156554605534381 2.045
"8" 817 1 "Lophiomys_imhausi_MURIDAE_RODENTIA" "Lophiomys_imhausi_MURIDAE_RODENTIA" 2391 0.134612166708917 0.0256246239877005 0.202119784265742 0.198300060642235 0.185619095368983 0.217963308066101 0.0482280888456748 0.000440070075 0.16546716846705 0.0379561434160379 0.0205715269830979 0.0668770385123438 0.0863840778632425 0.160343917226197 0.5387
"9" 4603 65 "Ctenomys_boliviensis_CTENOMYIDAE_RODENTIA" "Ctenomys_tuconax_CTENOMYIDAE_RODENTIA" 2327 0.689278543836736 0.53225389309339 0.89374860535922 0.194603018718995 0.18224979763858 0.213887776508523 0.0998494062690238 0.00896957263036884 0.314075761370867 0.037548974119419 0.0201859584714889 0.0667474449605173 0.589429137567713 0.157054044599576 3.753
