"nodeShifted" "numTaxa" "from" "to" "numNontaxa" "Lam_mean" "Lam_low95" "Lam_up95" "Lam_nonmean" "Lam_nonlow95" "Lam_nonup95" "Mu_mean" "Mu_low95" "Mu_up95" "Mu_nonmean" "Mu_nonlow95" "Mu_nonup95" "mean_Div" "mean_nonDiv" "mean_rateChange"
"1" 2395 1659 "Paradipus_ctenodactylus_DIPODIDAE_RODENTIA" "Idiurus_macrotis_ANOMALURIDAE_RODENTIA" 733 0.191273919812474 0.179879864938771 0.205670635923614 0.301728449215804 0.265790701512681 0.340590040261828 0.0213450573188338 0.00917690959000168 0.0389944937427634 0.180027217004677 0.130090002482201 0.225845700974077 0.16992886249364 0.121701232211127 1.3963
"2" 4779 6 "Laonastes_aenigmamus_DIATOMYIDAE_RODENTIA" "Felovia_vae_CTENODACTYLIDAE_RODENTIA" 2386 0.250134781034531 0.0479357981418286 0.324795258500752 0.223912951589689 0.210503272778057 0.238650710417498 0.176118892878451 0.0196286932123785 0.24182285 0.0674855968467397 0.0498347061964823 0.084733624940103 0.0740158881560804 0.156427354742949 0.4732
"3" 2403 632 "Phloeomys_pallidus_MURIDAE_RODENTIA" "Cremnomys_cutchicus_MURIDAE_RODENTIA" 1760 0.232418200353332 0.212054650266432 0.257787478409833 0.22187502747792 0.205201417605245 0.240105696016181 0.0264431381350085 0.00586324845399929 0.0644274162593915 0.0805028913312934 0.0598257633422984 0.10141915290996 0.205975062218324 0.141372136146627 1.457
"4" 3180 726 "Prometheomys_schaposchnikowi_CRICETIDAE_RODENTIA" "Sigmodon_ochrognathus_CRICETIDAE_RODENTIA" 1666 0.206630672172697 0.191072692912185 0.22729920650641 0.230817839949952 0.212976478464544 0.249857342513961 0.0100349204799925 0.000440139313624943 0.031043841433342 0.0907515422067857 0.067780712079498 0.113469837560916 0.196595751692704 0.140066297743166 1.4036
"5" 3038 80 "Taterillus_congicus_MURIDAE_RODENTIA" "Ammodillus_imbellis_MURIDAE_RODENTIA" 2312 0.321789286440721 0.22587408002479 0.454112939434523 0.221810046278521 0.208327894285799 0.236835622903896 0.124908645677316 0.00955103148507537 0.308092076674095 0.0672609339947825 0.0501265038097107 0.085348327536138 0.196880640763405 0.154549112283739 1.2739
"6" 2639 131 "Pseudomys_chapmani_MURIDAE_RODENTIA" "Xeromys_myoides_MURIDAE_RODENTIA" 2261 0.316759193755493 0.212953359959479 0.415489127306053 0.221238243889326 0.207513107663576 0.236874588584194 0.0578709054465109 0.00241183975 0.172680207136362 0.0689763532268558 0.0510594015031804 0.0863768432890134 0.258888288308982 0.15226189066247 1.7003
"7" 2843 104 "Bandicota_bengalensis_MURIDAE_RODENTIA" "Srilankamys_ohiensis_MURIDAE_RODENTIA" 2288 0.383276207094083 0.299160891047456 0.468133240134468 0.220710774221963 0.206712866107751 0.235594302226258 0.0442020416506035 0.002212722298512 0.141949089566661 0.0691674852294697 0.0509625733058891 0.0869273659145847 0.339074165443479 0.151543288992493 2.2375
"8" 3141 19 "Lophuromys_menageshae_MURIDAE_RODENTIA" "Lophuromys_nudicaudus_MURIDAE_RODENTIA" 2373 0.453495169948926 0.184034117481311 0.710627326206693 0.223565185049506 0.210096588589711 0.238095621651465 0.0933308651191642 0.00243698275 0.314043293710997 0.0685658898621838 0.0510628446389102 0.0861381513569504 0.360164304829762 0.154999295187322 2.3237
"9" 4603 65 "Ctenomys_osvaldoreigi_CTENOMYIDAE_RODENTIA" "Ctenomys_validus_CTENOMYIDAE_RODENTIA" 2327 0.683157140318954 0.520884584483862 0.872664941684824 0.220687590629715 0.207108270945732 0.235005588762524 0.132715933853465 0.0130538668450104 0.409924563173009 0.0681441682145565 0.0508971481561279 0.0857170505012928 0.550441206465489 0.152543422415159 3.6084
