"nodeShifted" "numTaxa" "from" "to" "numNontaxa" "Lam_mean" "Lam_low95" "Lam_up95" "Lam_nonmean" "Lam_nonlow95" "Lam_nonup95" "Mu_mean" "Mu_low95" "Mu_up95" "Mu_nonmean" "Mu_nonlow95" "Mu_nonup95" "mean_Div" "mean_nonDiv" "mean_rateChange"
"1" 4482 298 "Trichys_fasciculata_HYSTRICIDAE_RODENTIA" "Abrocoma_boliviensis_ABROCOMIDAE_RODENTIA" 2094 0.251437156265526 0.204654896380553 0.31505934038572 0.201968117892827 0.186285214149401 0.218488825899649 0.0895708557819856 0.0217868796128134 0.177890146463529 0.0360958041740909 0.015049094370564 0.0605570055979341 0.16186630048354 0.165872313718737 0.9758
"2" 3180 726 "Prometheomys_schaposchnikowi_CRICETIDAE_RODENTIA" "Oecomys_phaeotis_CRICETIDAE_RODENTIA" 1666 0.206736103217893 0.186865761425294 0.227578740084475 0.207666385102057 0.189237759049402 0.228333031655658 0.010101845376434 0.0011001716176553 0.0294119661731854 0.054039803976824 0.0281562643866528 0.0848601383667684 0.196634257841459 0.153626581125233 1.2799
"3" 4046 107 "Microdipodops_pallidus_HETEROMYIDAE_RODENTIA" "Chaetodipus_formosus_HETEROMYIDAE_RODENTIA" 2285 0.225689864897785 0.176751759452392 0.286692749764914 0.206626456390691 0.191435344321728 0.222723256476939 0.0527400583584223 0.00430268314593508 0.153519214765696 0.0415176169491552 0.0219691700032772 0.0654001015545071 0.172949806539363 0.165108839441536 1.0475
"4" 2405 608 "Apomys_datae_MURIDAE_RODENTIA" "Lenothrix_canus_MURIDAE_RODENTIA" 1784 0.229038929222992 0.20485316781759 0.259353819810066 0.201325450360176 0.184531095553536 0.219905699874901 0.0306822227708447 0.00376082933225852 0.0714253861790204 0.0451582805195978 0.0230296919795581 0.0719838382798768 0.198356706452147 0.156167169840578 1.2702
"5" 4166 285 "Funambulus_layardi_SCIURIDAE_RODENTIA" "Glaucomys_sabrinus_SCIURIDAE_RODENTIA" 2107 0.251537627120737 0.215033798634992 0.304435682862851 0.202801976084435 0.187295602930133 0.219958127088163 0.0423422618002092 0.0031598509563211 0.123539454179707 0.0419415999820502 0.0214549192949454 0.0655347786088562 0.209195365320527 0.160860376102385 1.3005
"6" 2647 194 "Apomys_datae_MURIDAE_RODENTIA" "Chiropodomys_pusillus_MURIDAE_RODENTIA" 2198 0.276028640004306 0.193972402789244 0.370390326354451 0.202969594228913 0.188778684341231 0.219744067656598 0.0725285482572158 0.00202618277051033 0.202982578155934 0.0400021291392464 0.0208106043515475 0.063983161326091 0.20350009174709 0.162967465089666 1.2487
"7" 3038 79 "Meriones_hurrianae_MURIDAE_RODENTIA" "Taterillus_tranieri_MURIDAE_RODENTIA" 2313 0.221598511287695 0.165568795241417 0.308354769327533 0.207027285474624 0.191853836525424 0.223034256006999 0.0375101200466801 0.000576514525 0.14522555 0.0421003818333904 0.0229561325482023 0.0655601097828781 0.184088391241015 0.164926903641233 1.1162
"8" 2846 99 "Bullimus_luzonicus_MURIDAE_RODENTIA" "Rattus_exulans_MURIDAE_RODENTIA" 2293 0.352929362371867 0.26310398272317 0.435173216237682 0.204210648565497 0.189324532642844 0.220597928308541 0.0340674722301062 0.00096649138675759 0.110908645656672 0.0421535008745047 0.0222573346039556 0.0664775056453805 0.318861890141761 0.162057147690993 1.9676
"9" 4604 64 "Ctenomys_tuconax_CTENOMYIDAE_RODENTIA" "Ctenomys_boliviensis_CTENOMYIDAE_RODENTIA" 2328 0.654727181331493 0.495123534946946 0.824272079967005 0.203967211851796 0.188906988969131 0.219745246058756 0.0872753268263935 0.00653010481953058 0.288678706126389 0.0416307653034357 0.0225052101803966 0.0655108924925915 0.5674518545051 0.162336446548361 3.4955
